0.000000000000000000 	
0.047531597405469347 	
0.060090816886876071 	
0.042027688777611927 	
0.074905030868753719 	
0.076259728747220784 	
0.068808795508344803 	
0.068254056551180470 	
0.043245785796704732 	
0.042631440274977006 	
0.024878298889958048 	
0.071651098816443631 	
0.043208804347521668 	
0.041390125572210709 	
0.058106316644239639 	
0.042738727674262178 	
0.035158251874149275 	
0.013052951220740825 	
0.024931079907657080 	
0.005771803605859141 	
0.059377741914202843 	
0.036569992982009011 	
0.039195124593265129 	
0.057537211275278249 	
0.034922814328418171 	
0.033073883976553295 	
0.022444506345070329 	
0.011130091074914489 	
0.029836589222118657 	
0.020995267275777434 	
0.037555486039578631 	
0.031380847829027156 	
0.025081161286264444 	
0.038105885854494578 	
0.029110755985271901 	
0.026841724432060152 	
0.013750131972267586 	
0.016648171873757108 	
0.029480050063454031 	
0.020033894390950217 	
0.032946828400607094 	
0.064332014907936635 	
0.050819747945977489 	
0.047131522918298925 	
0.043351647962119808 	
0.020670625433616911 	
0.000436300251189556 	
0.000436300251189334 	
0.000436300086453234 	
0.000436300251189334 	
0.000436300086452790 	
0.000436300251189778 	
0.000436300086453012 	
0.000436300251189556 	
0.015219361085080084 	
0.025713136448789566 	
0.017038340313074579 	
0.037201514238753931 	
0.041866958070571572 	
0.051786155064658689 	
0.044427332819722540 	
0.062020494961580713 	
0.063233825396369861 	
0.031157446022757614 	
0.020769720928563544 	
0.022699017024652615 	
0.019479625630321355 	
0.034601065745697095 	
0.023366777380626296 	
0.024383590692862347 	
0.018164773841416109 	
0.010589726165367571 	
0.022070931161647170 	
0.016867464860473396 	
0.018731013828855499 	
0.068163755295604103 	
0.087633931116257224 	
0.048371124115668927 	
0.056817722731638973 	
0.032848908220940887 	
0.045095744500991318 	
0.057636447460773559 	
0.019796663629411571 	
0.035134748583073951 	
0.024983885721324428 	
0.031574020388351186 	
0.050368127106662330 	
0.077719087031012088 	
0.092666828590545744 	
0.059547961213970657 	
0.084979876966528103 	
0.059361043114814716 	
0.012306381677348153 	
0.000000000000000000 	
0.500000000000000000 	
0.001561974918833249 	
0.041509216282986434 	
0.065514180713594813 	
0.090826306627701844 	
0.076265982293600876 	
0.034028237505096690 	
0.072512499738633440 	
0.048006294662089811 	
0.032961874981450548 	
0.015171816172871333 	
0.035925788563183278 	
0.064635092173058004 	
0.037691655825792314 	
0.038651971470985154 	
0.036510870072033304 	
0.027951965244161065 	
0.039880537786298575 	
0.081713240477071181 	
0.031090665908237929 	
0.021403304215433940 	
0.019234761244856624 	
0.014909468628419961 	
0.020202798356561587 	
0.019004275265709664 	
0.039250426874507041 	
0.041063988849682743 	
0.044047082911704061 	
0.035496493195623958 	
0.043382764983792357 	
0.038277058052442900 	
0.047643226993436219 	
0.010042526135764779 	
0.036412347325615171 	
0.037141581654677090 	
0.002374497308016505 	
0.002374496406050140 	
0.006493031223265376 	
0.013248727982132466 	
0.029426292040764974 	
0.029421565035365457 	
0.036762548917631276 	
0.022972622256823623 	
0.035170313455005653 	
0.025798141194601849 	
0.011838047287191492 	
0.045646470065028630 	
0.039250349703232601 	
0.011499137927626019 	
0.033953077345183741 	
0.037184498040394913 	
0.045983247202738345 	
0.029057681779174015 	
0.016266737301464603 	
0.018755755406841358 	
0.026289196059497037 	
0.015548038708977238 	
0.021014556155676614 	
0.024829432152141000 	
0.028782591692886744 	
0.016317892654168168 	
0.031046330197924969 	
0.015750169899953117 	
0.024582476114080137 	
0.024756016650906165 	
0.051864086622594494 	
0.045082936805464588 	
0.054896095155281904 	
0.032339201682682568 	
0.023867077711790849 	
0.029252134421687545 	
0.010188132266512934 	
0.009921413950012453 	
0.034726268654292625 	
0.029180297990822553 	
0.018941632992451756 	
0.015403985699684953 	
0.028739784032731648 	
0.024841260676618973 	
0.047057289414906771 	
0.023882013605660172 	
0.038704129446990629 	
0.025511472882999167 	
0.078108579182859517 	
0.060717964769240969 	
0.056011997986264925 	
0.025320260972361439 	
0.047438169105508667 	
0.065730257446270410 	
0.052503348746829499 	
0.075974706629073088 	
0.043448309665975647 	
0.006907502965933622 	
0.500000000000000000 	
0.004106307676816121 	
0.056305829843430188 	
0.083564423363981469 	
0.069581301558340178 	
0.057109527557434148 	
0.057950563630719307 	
0.033130594742175744 	
0.031575404777248371 	
0.061124570857446367 	
0.049248382521027520 	
0.043359527263494457 	
0.065355244138672025 	
0.057439735929243473 	
0.025862798438870849 	
0.027132949493047578 	
0.025157108874976047 	
0.022191860727893982 	
0.026157262521213493 	
0.003092946284286146 	
0.007327915923009669 	
0.041213215179161600 	
0.022008425838567304 	
0.062587611664505938 	
0.057053644139507802 	
0.058425867282690794 	
0.030102062692630230 	
0.031097907792104085 	
0.085427237694591956 	
0.037016607794476832 	
0.031193760958028713 	
0.009518643903618200 	
0.008447746037712551 	
0.010527244040309563 	
0.014835932452360368 	
0.000761171142917579 	
0.000756098990537977 	
0.010982933069363602 	
0.020307402825806165 	
0.018664627551101112 	
0.031063377023663213 	
0.040220149722162243 	
0.024762656772129066 	
0.018099268416300326 	
0.029342645224466769 	
0.041479060651378866 	
0.017191867945078411 	
0.026640313824593125 	
0.037730971753186043 	
0.046991056804597670 	
0.023995017652936768 	
0.031292437612495443 	
0.030236949136351669 	
0.015169031957188137 	
0.044131128217160580 	
0.045056214051626360 	
0.027229324483383444 	
0.060090806153261407 	
0.052472967282066969 	
0.023481404332051072 	
0.022604874838939606 	
0.015129708192427167 	
0.014895128281338443 	
0.008573811711752095 	
0.016837725873917526 	
0.031944873066139509 	
0.065508026004531303 	
0.068133931187083913 	
0.040887176730452668 	
0.023288800300080948 	
0.043194561423244834 	
0.071451544551737994 	
0.082059062537251246 	
0.060220255771884779 	
0.069006546882745767 	
0.019471407958580194 	
0.500000000000000000 	
0.000228454574007233 	
0.050555135470030772 	
0.129991125447441014 	
0.065443026206198809 	
0.028985803434440797 	
0.045429644593104404 	
0.038231866460069895 	
0.008494458622850885 	
0.017721777435915194 	
0.084734647411784894 	
0.037749118116002664 	
0.035960786767208229 	
0.027265804933070049 	
0.025978874470999520 	
0.066963463738252751 	
0.076799300544158219 	
0.022903630199922847 	
0.017691671237213477 	
0.005760385124620512 	
0.001143958003955091 	
0.046309054601312682 	
0.072477721441149182 	
0.027624219514249915 	
0.032771950314503931 	
0.021125237430533041 	
0.025536981875068043 	
0.019883726811124873 	
0.022687270849479146 	
0.026044855410948253 	
0.043816209020221049 	
0.026114365786105678 	
0.052898656102172613 	
0.027057812135948683 	
0.026960566640762174 	
0.022028365094616559 	
0.016527710883286268 	
0.036088913215990434 	
0.017418498406395914 	
0.027777699243362031 	
0.024660394963163097 	
0.020020116026303901 	
0.031737350609126372 	
0.035830802499534645 	
0.039623151902300750 	
0.017878065109617980 	
0.011973210608530668 	
0.025719659148315827 	
0.028484232642010984 	
0.020426474579975051 	
0.044494927341078488 	
0.019726107842081193 	
0.024566351586097303 	
0.047117560096882519 	
0.055441935044524479 	
0.017162784577393488 	
0.030657435521455861 	
0.023421096883404931 	
0.009095201188351668 	
0.066640972260922970 	
0.048923323911743234 	
0.023227190167458632 	
0.028497243176050742 	
0.044448983442208663 	
0.041218989362390247 	
0.040035687404176332 	
0.028257806929707023 	
0.053956125766472282 	
0.053105796934558830 	
0.059302517704227981 	
0.089082514819394207 	
0.090597078962339123 	
0.013762672680734165 	
0.500000000000000000 	
0.000702179538380910 	
0.079229914891115569 	
0.053859776839484161 	
0.065479726169937413 	
0.028183961044541590 	
0.034521779196100236 	
0.048503618909110986 	
0.023318611161113639 	
0.021816240138057306 	
0.039478045550409943 	
0.024744229836707016 	
0.083016171201430594 	
0.075191277064942802 	
0.045426737843234449 	
0.068444872939791152 	
0.019862751522772962 	
0.010957845152453042 	
0.001805392153847158 	
0.003384606892306719 	
0.029308495260523815 	
0.062141156328546943 	
0.034000704151351875 	
0.021871270186519742 	
0.015865106626484514 	
0.027570037346769716 	
0.026847393482876840 	
0.019558822834797741 	
0.064857874799705589 	
0.059097176093385682 	
0.044390952097919538 	
0.036954579676962862 	
0.022977502059263594 	
0.008789646712440521 	
0.016717496328970093 	
0.021106050560943303 	
0.033405333051995577 	
0.021548241280851557 	
0.010235072652539685 	
0.020526108214850566 	
0.019802895845989783 	
0.041149175143046772 	
0.034139392687382045 	
0.023396780707674387 	
0.058893619979343219 	
0.014282453489168238 	
0.031789760634568925 	
0.052133235920677513 	
0.033758691810181880 	
0.007658790925928513 	
0.035864113213470501 	
0.038660905596662146 	
0.016994499122839020 	
0.034960013373645717 	
0.047971706245226564 	
0.028975528071050426 	
0.068368397287396646 	
0.064850489905162997 	
0.028909404022707356 	
0.017697129781562067 	
0.048245730285369465 	
0.030597968066905880 	
0.049906459206611402 	
0.051120499760206321 	
0.077597914845392274 	
0.093114137984508238 	
0.089337091910043340 	
0.013649686375155099 	
0.000000000000000000 	
0.500000000000000000 	
0.000219409985916586 	
0.052084392252405222 	
0.069539264437959700 	
0.049682651923023312 	
0.063189589919201872 	
0.059338650724744875 	
0.050681279363884363 	
0.056104942344689698 	
0.077321178429327203 	
0.038256436082473359 	
0.004243658098947612 	
0.010114659935936044 	
0.047032699056005628 	
0.036565713035269447 	
0.044616233102836272 	
0.086178289137588571 	
0.072560321635460778 	
0.038274625650989567 	
0.010821629096576831 	
0.040515160558509872 	
0.035117778909295315 	
0.011021034612610970 	
0.000000000000000000 	
0.004181032544219420 	
0.019783132170506638 	
0.028210602625554419 	
0.021219307304135963 	
0.025313210471199540 	
0.015323999350860446 	
0.015905012098595274 	
0.018655397415954605 	
0.018575415732434573 	
0.015247790644915913 	
0.038914643733578849 	
0.052465048907612798 	
0.017734120064929120 	
0.014312454328738979 	
0.028170460551861700 	
0.022427580494104184 	
0.042405257772387114 	
0.063186383932662765 	
0.029320722919343040 	
0.022061996349729111 	
0.012581560686848677 	
0.017550617624899425 	
0.012531426208841356 	
0.065340420335223789 	
0.026281706525647035 	
0.032706361613998411 	
0.037707439251045388 	
0.049245784889543461 	
0.052774389416607857 	
0.045690594571736610 	
0.025950501442957550 	
0.018780280550629198 	
0.060854962951021628 	
0.056412457891218251 	
0.055671772312866061 	
0.054948432348314952 	
0.044767178197752493 	
0.061075868768992805 	
0.053805474068056310 	
0.069488893423996514 	
0.003624227129011178 	
0.500000000000000000 	
0.000209453373084101 	
0.036624159939826706 	
0.053374941033452368 	
0.072147257255128328 	
0.045438539590900474 	
0.071398881591481514 	
0.043603387966755593 	
0.059527928045012203 	
0.039102357067950302 	
0.035817198263058153 	
0.048613859243113192 	
0.060157045205123764 	
0.038282965210222994 	
0.046443924108281340 	
0.047734979780843921 	
0.045622831254215034 	
0.034048678981295398 	
0.058771683790384409 	
0.036052851969868162 	
0.034500190650968682 	
0.031709778736898127 	
0.015759314033257938 	
0.000000000000000000 	
0.006797002347485126 	
0.004911470938890732 	
0.042184379639451437 	
0.035228273242551532 	
0.028321167713584835 	
0.028566552483699791 	
0.044102905649403445 	
0.044418503072606995 	
0.017890038631712100 	
0.009782233155104474 	
0.016460322628561567 	
0.028112526741681510 	
0.033972008716808229 	
0.040639782289222146 	
0.021797243340334949 	
0.031493332537083196 	
0.056750226745090775 	
0.034874450668009767 	
0.030526197220257158 	
0.017624255424305769 	
0.018744561171171341 	
0.004824170296868254 	
0.017435733695536231 	
0.017139451831253007 	
0.013134581473434395 	
0.049044982952711855 	
0.068200439242524571 	
0.035271884928899794 	
0.067723668200329559 	
0.056774726867033970 	
0.035545904213574057 	
0.018489216304936835 	
0.054596979181221181 	
0.097379483679299328 	
0.062300035945004530 	
0.055769641201096419 	
0.000000000000000000 	
0.500000000000000000 	
0.000165168988921655 	
0.034473628625943248 	
0.094049988414369692 	
0.029374842942551771 	
0.060781258074250021 	
0.028711700722113889 	
0.072905512167223477 	
0.057163599338039016 	
0.073084550417426800 	
0.040676721498739535 	
0.057278884607080978 	
0.048352044767277433 	
0.014664342739092017 	
0.026907170534970173 	
0.046240610805331067 	
0.051063006409618757 	
0.001104978201123950 	
0.001769032618416662 	
0.009560321702400417 	
0.030573423217809988 	
0.038126775778249189 	
0.036242959141523527 	
0.035280583822802108 	
0.031000209789564612 	
0.021437296130187935 	
0.035194362257129380 	
0.063643728819657325 	
0.058139938206682187 	
0.018299511119496840 	
0.014805200774670383 	
0.040530524432680848 	
0.013191755162487866 	
0.017016863961007565 	
0.019190891867270167 	
0.019826189207053597 	
0.039324077632047212 	
0.052576066851699937 	
0.042221716383859041 	
0.060599168053191994 	
0.017906328870814437 	
0.018721294848705602 	
0.008568450104118542 	
0.010682444190716019 	
0.028416136744466823 	
0.033186652115610962 	
0.034991659147513489 	
0.062132292874371824 	
0.093924700129706301 	
0.040758329110091793 	
0.054117625794899107 	
0.060309834514540160 	
0.049601055097511206 	
0.063085014525917207 	
0.021802647800032861 	
0.500000000000000000 	
0.000000000000000000 	
0.039144853530976478 	
0.048752074053155646 	
0.058832850891415066 	
0.032926877579133894 	
0.087405316681597470 	
0.041150491483732211 	
0.052388328310657893 	
0.054438676644878642 	
0.048122966350936609 	
0.066729894517129948 	
0.019145624528550724 	
0.034038589320930297 	
0.040392867002245779 	
0.066357855875919844 	
0.006997426709255542 	
0.005842262890344095 	
0.000000002329055393 	
0.000000002329054727 	
0.000000002329055615 	
0.000000002329055393 	
0.000000002329055393 	
0.000000002329055615 	
0.000000002329055504 	
0.000000002329055504 	
0.006040246145824768 	
0.029382233571992218 	
0.025252761064757399 	
0.033890197224876295 	
0.078646000936239288 	
0.049242035720419429 	
0.051046856568861321 	
0.039021804476351715 	
0.065265967992868767 	
0.053341992368134458 	
0.027112090808134273 	
0.019161706253090698 	
0.041265895680983183 	
0.017491479355376819 	
0.020154363786433430 	
0.048048620503986818 	
0.054174124647243263 	
0.033467304673048690 	
0.079594508036660086 	
0.028701160567659666 	
0.047661653264573146 	
0.031517396613375694 	
0.024706641978970937 	
0.042954099063922779 	
0.075463427639239355 	
0.067107439619478459 	
0.078402516931838639 	
0.500000000000000000 	
0.000082329999255931 	
0.038923740190610991 	
0.079440967811011343 	
0.051845401875954857 	
0.070298001914631203 	
0.080678549381470829 	
0.053605883413563468 	
0.027910552012260725 	
0.020354095498243734 	
0.049334934129063771 	
0.051455903544393028 	
0.082456246442835265 	
0.045448979348843378 	
0.039626680379485121 	
0.001409478158164682 	
0.003356336916833630 	
0.030484866437272946 	
0.014304450703552789 	
0.031406975561411206 	
0.037091435894813812 	
0.048206986466199545 	
0.023290814509620589 	
0.035545197801874949 	
0.028006763179440605 	
0.021519758487392307 	
0.018989891139145777 	
0.065090110057672290 	
0.048425731534956704 	
0.014829908981729015 	
0.035374281857320090 	
0.068252890606311845 	
0.030526563932042471 	
0.022640486147040687 	
0.029587253823387862 	
0.041898365367815098 	
0.036477407471269478 	
0.041636233101736655 	
0.037912262076064907 	
0.032651114376710359 	
0.019840545081320524 	
0.028628533326248613 	
0.015274295929621947 	
0.063921869989025784 	
0.037098553552379863 	
0.088551465484130509 	
0.058545546832818034 	
0.073231512255003059 	
0.074731320225784659 	
0.073808935013448707 	
0.028606067162775892 	
0.500000000000000000 	
0.000000000000000000 	
0.051567624616140714 	
0.039408551999025175 	
0.031791459224253804 	
0.088880960628429442 	
0.020302870313147699 	
0.031532850877551283 	
0.089760894228777824 	
0.044906663137100920 	
0.047413832217820973 	
0.012807138013657481 	
0.006901538182894295 	
0.057458469929301710 	
0.080603853897313602 	
0.013006232476191202 	
0.031198797509212967 	
0.072479680121055587 	
0.020385088366347431 	
0.002709163487417930 	
0.000000000000000000 	
0.000150349995468392 	
0.014793560981080464 	
0.035112710224910811 	
0.044751383990509104 	
0.019618561438657957 	
0.034912882578089756 	
0.059736009466512328 	
0.032314511440882085 	
0.052709827477586561 	
0.037569336936684974 	
0.029423375412649843 	
0.011716074388381079 	
0.025473296497091690 	
0.011296967097000505 	
0.020597237057227415 	
0.046159707491531476 	
0.043006092338909674 	
0.042973971562531639 	
0.034193463200599482 	
0.014383512090533112 	
0.032323258599177764 	
0.040678934341059493 	
0.053545686186738134 	
0.051686761861583365 	
0.072805333011854254 	
0.066213996122995666 	
0.065119534038034110 	
0.048008427069837781 	
0.050914109609334256 	
0.042895525785483134 	
0.000000000000000000 	
0.500000000000000000 	
0.000540688729680005 	
0.038523669137532537 	
0.047243118097572478 	
0.050171363188064318 	
0.078676067886534945 	
0.036153522366239046 	
0.034533363784059447 	
0.053056406595976005 	
0.046229308468886482 	
0.063703569056258111 	
0.040468894580158864 	
0.055242449265945792 	
0.022504220135623115 	
0.000205055308610927 	
0.017606767859719302 	
0.027772850797971826 	
0.027737042477882307 	
0.038495938760057934 	
0.038141412039576619 	
0.063648329122363581 	
0.032815192380565100 	
0.022383078311547133 	
0.013742669547991871 	
0.039296260642655255 	
0.042732506597310156 	
0.043214805855212389 	
0.023558538349493882 	
0.022941231005914928 	
0.043356270905564438 	
0.022252107481217667 	
0.022956722310388811 	
0.007128826890121039 	
0.010691074706786992 	
0.021936031647046272 	
0.060807519514503063 	
0.052302250225176435 	
0.040874561316396135 	
0.032073817340857604 	
0.062358139495898392 	
0.041467729988855000 	
0.045535440916718066 	
0.020918202896181182 	
0.074282476828973376 	
0.084026859015549210 	
0.042099939350291993 	
0.015176261399648630 	
0.053731607836362799 	
0.122078709596198084 	
0.067590992805447114 	
0.000000000000000000 	
0.500000000000000000 	
0.000000000000000000 	
0.000000000000000000 	
0.000000000000000000 	
0.000000000000000000 	
0.000000000000000000 	
0.000000000000000000 	
0.000000000000000000 	
0.014867815391243744 	
0.121774794573980549 	
0.057734270558693790 	
0.053168464718479844 	
0.060132633617290335 	
0.032302565386791056 	
0.033947422659127521 	
0.046645774653665664 	
0.025293860156068687 	
0.041501843525154208 	
0.052302622552625647 	
0.025612737153796160 	
0.028844537463328698 	
0.011234978583925269 	
0.009375600924036352 	
0.035555724316365091 	
0.014558854038866673 	
0.023661871686085464 	
0.018741096047127075 	
0.048200401277241595 	
0.075170304321909479 	
0.037097858185863711 	
0.032579982586654885 	
0.018892940680222268 	
0.019373595774099472 	
0.016828029921144225 	
0.020368593299597938 	
0.043958643126103564 	
0.050872100894748196 	
0.058061352752487153 	
0.043304521937063585 	
0.053783510898533393 	
0.108562948211009522 	
0.064893827718385505 	
0.060443871252887929 	
0.000000000000000000 	
0.500000000000000000 	
0.000000000000000000 	
0.000000000000000000 	
0.000000000000000000 	
0.000000000000000000 	
0.000000000000000000 	
0.000000000000000000 	
0.000000000000000000 	
0.000000000000000000 	
0.076562465048975542 	
0.039545412221625956 	
0.023054289461632117 	
0.030709328997926381 	
0.090884274832640694 	
0.022582505990912230 	
0.017232222333973826 	
0.008398320068328250 	
0.008692454119771190 	
0.012711980023626883 	
0.038931735152081169 	
0.039839079813123832 	
0.043695493009903386 	
0.047354147185198543 	
0.026939287143963413 	
0.031919392333107283 	
0.023314959630767379 	
0.038622039127436635 	
0.048426054576726121 	
0.034767253096176447 	
0.060491816255090584 	
0.025486097149051173 	
0.020087537072727153 	
0.023856177727664844 	
0.032253709845001879 	
0.076558334225467969 	
0.051662806883958995 	
0.101893061031635090 	
0.061573991407558870 	
0.070415716338210851 	
0.005506731575517090 	
0.000000000000000000 	
0.500000000000000000 	
0.000000000000000000 	
0.000000000000000000 	
0.000000000000000000 	
0.000000000000000000 	
0.000000000000000000 	
0.000000000000000000 	
0.000000000000000000 	
0.000000000000000000 	
0.041455685982613621 	
0.068708414221932704 	
0.051202952572346951 	
0.057178305657660161 	
0.052226305799415569 	
0.066401130152415541 	
0.029096899211434362 	
0.007012400177655774 	
0.019165675056013694 	
0.025261381329351063 	
0.019433327733250395 	
0.034803346142333220 	
0.049129480366370507 	
0.074015741500138774 	
0.047666850430613528 	
0.034598946858071709 	
0.067498776957402098 	
0.077554868517056549 	
0.022844455243604143 	
0.012422023501389622 	
0.049897767551262115 	
0.049509531254267311 	
0.004975554864214197 	
0.039122863558012845 	
0.077161799223599684 	
0.082612341221829477 	
0.134789122273053147 	
0.074428753413588414 	
0.013756622890431815 	
0.000000000000000000 	
0.500000000000000000 	
0.000503449829859543 	
0.033619407021066416 	
0.059813586775701297 	
0.073061624780014531 	
0.063800095764513981 	
0.043735247040227847 	
0.037421128224635745 	
0.077259387248956410 	
0.038462833410320633 	
0.092216277986846937 	
0.075239786448706936 	
0.029426658265353185 	
0.000742843368238604 	
0.000025145301232994 	
0.000029848894038411 	
0.000029848894038411 	
0.000029036910565325 	
0.016747522664542065 	
0.071694502010736544 	
0.084457613884537638 	
0.095746180996542141 	
0.071999207824692241 	
0.032882427932852287 	
0.024892332049084025 	
0.032358898475222379 	
0.012011294058023566 	
0.011687430692963663 	
0.040293651992555302 	
0.042412852737432172 	
0.081562345053120960 	
0.094008343613517301 	
0.120671442663110043 	
0.023753406097648342 	
0.000000000000000000 	
0.500000000000000000 	
0.002470475436634078 	
0.035981389178891723 	
0.093751712185275365 	
0.098489663845346964 	
0.084278003116886005 	
0.104031880268557128 	
0.032975583938061361 	
0.036701206470992079 	
0.023334005538098029 	
0.016227718544536005 	
0.087364804055669973 	
0.068686335475305282 	
0.062367964241020493 	
0.030493399878129317 	
0.025733332768406898 	
0.021667872068446319 	
0.051829602179500049 	
0.042883394211000965 	
0.035720184548662826 	
0.093202708356632996 	
0.007548953963939838 	
0.038135721412877188 	
0.039039800809917230 	
0.058397566302407417 	
0.033129277119056472 	
0.127939395471152212 	
0.058134111075650759 	
0.087506950526617472 	
0.018172691499295443 	
0.000000000000000000 	
0.000000000000000000 	
0.500000000000000000 	
0.000717079508366794 	
0.085784220419782287 	
0.093985478896248684 	
0.122056665420613650 	
0.067713661693475799 	
0.034841591329559864 	
0.021905293709888227 	
0.064494781479428442 	
0.059785478510082916 	
0.027766284740433977 	
0.046262033218986517 	
0.027930067262271464 	
0.033051214314831795 	
0.018422660135699719 	
0.024952570342784641 	
0.041601481034612330 	
0.062817589530099652 	
0.042505199454389457 	
0.015851614349087304 	
0.031910897086935584 	
0.085820613086754705 	
0.042874251944783968 	
0.053771825964798167 	
0.052109905150460829 	
0.047975353074311056 	
0.068371288665247013 	
0.059825050331203167 	
0.034668013882875048 	
0.000000000000000000 	
0.000000000000000000 	
0.500000000000000000 	
0.003797037005816707 	
0.081667945837658310 	
0.099540896529242723 	
0.057369680558197925 	
0.050846035067019638 	
0.062653543486406435 	
0.098745034413165636 	
0.024274451163508681 	
0.012807873346239673 	
0.000010763340607181 	
0.000010763344463263 	
0.005815491025492864 	
0.069144126348202550 	
0.076061598464756811 	
0.067932051535755836 	
0.027598101671572953 	
0.038388437247813503 	
0.051020855843069084 	
0.057716811006210747 	
0.075818962222087505 	
0.106156392897081939 	
0.500000000000000000 	
0.001745542908575239 	
0.050402343834755108 	
0.092472023089299193 	
0.071081034745232252 	
0.070370211821643408 	
0.047700382363713704 	
0.060338540464103772 	
0.080388719306935058 	
0.048688885599551528 	
0.014273831614174821 	
0.002001389894176786 	
0.029075126009597989 	
0.012184667713432911 	
0.045731880434737887 	
0.045263303190352093 	
0.080081157496844704 	
0.057634917774242712 	
0.060857187690620082 	
0.065090032295265762 	
0.081713238284579118 	
0.084709134438245987 	
0.000669189126599497 	
0.000000000000000000 	
0.000000000000000000 	
0.500000000000000000 	
0.000000000000000000 	
0.000000000000000000 	
0.000000000000000000 	
0.000000000000000000 	
0.000000000000000000 	
0.006307465385440196 	
0.123597425208600883 	
0.076959940740094032 	
0.050572595174570835 	
0.055695306388429316 	
0.030050080793913858 	
0.039733472756289870 	
0.066771627232436209 	
0.048095810224063673 	
0.087119797733881635 	
0.077641100747533165 	
0.001953380537103652 	
0.500000000000000000 	
0.000000000000000000 	
0.000000000000000000 	
0.000000000000000000 	
0.000000000000000000 	
0.000000000000000000 	
0.000000000000000000 	
0.063348216629518200 	
0.076124371865211662 	
0.068193217158000904 	
0.086182109793134579 	
0.015569516514117540 	
0.040604743266265148 	
0.104752869903089005 	
0.036604504233902470 	
0.026284876327966000 	
0.094209544797820607 	
0.044798801692008401 	
0.000000000000000000 	
