0.000000000000000000 	
0.064575553096552579 	
0.045521616498664132 	
0.025601860238601615 	
0.038904416384636702 	
0.057123813951850205 	
0.032809666282317872 	
0.032053082958101602 	
0.020585437104097895 	
0.021646291267880313 	
0.007406098293149439 	
0.025268361509871582 	
0.018129740207126845 	
0.014046616472442328 	
0.025031422364337638 	
0.018222678136050774 	
0.015367778073040456 	
0.008790320113387847 	
0.010622465511862441 	
0.012912488278023378 	
0.025535344633965996 	
0.032195163056062216 	
0.033611264888667884 	
0.030148712152186043 	
0.025049795211723184 	
0.023406025512085021 	
0.014354864056686650 	
0.012654876791989463 	
0.017457540859718065 	
0.017792084647268284 	
0.014696807223479023 	
0.020641759187566718 	
0.016790654095249501 	
0.019581609628628809 	
0.017722725292146441 	
0.015823051637849798 	
0.017277851770513900 	
0.025195440133302820 	
0.021112656475480603 	
0.009844021165518947 	
0.023880057003864804 	
0.011536040091719780 	
0.015945401084407722 	
0.007632450785334095 	
0.006138487866966478 	
0.003924639767891064 	
0.000266043578267320 	
0.000266043578267209 	
0.000266043477815813 	
0.000266043578267320 	
0.000266043477815480 	
0.000266043578267431 	
0.000266043477815591 	
0.000266043578267209 	
0.003253015203404502 	
0.007146693248383874 	
0.012889823377448454 	
0.019515440927679973 	
0.015999355968905189 	
0.038504572063911245 	
0.027001036954922352 	
0.045829336952616873 	
0.034271338161618273 	
0.022713132619716522 	
0.017242591311504213 	
0.021928361280652568 	
0.016904131990348455 	
0.015474175392931628 	
0.027151715162660340 	
0.011544670039346387 	
0.015854820525820386 	
0.008390262340090722 	
0.016642589405575090 	
0.010149776406540523 	
0.018160201996092303 	
0.016023226374075897 	
0.023121368758756904 	
0.023372324319607590 	
0.023658158409058185 	
0.015402892729829904 	
0.019020132752261335 	
0.021383700406727123 	
0.016150946269095062 	
0.015943742772490419 	
0.009361096017971655 	
0.011606932237831004 	
0.029535180108466896 	
0.038300304008412299 	
0.034483039878879899 	
0.035537407834008036 	
0.074191693227534980 	
0.077458467790163216 	
0.029267628928938857 	
0.000000000000000000 	
0.500000000000000000 	
0.003495023075187194 	
0.083642646355948314 	
0.071617003584471053 	
0.055201876971144051 	
0.037759991538728249 	
0.025864273316490462 	
0.023995842077902330 	
0.026100204500437287 	
0.021315383168347878 	
0.014705373601780104 	
0.010845165263041252 	
0.019887539958965181 	
0.015325477960562285 	
0.014751387041467752 	
0.012350556662171717 	
0.020188419595530756 	
0.017146884576566459 	
0.020034985656193920 	
0.013771565933340781 	
0.015647133381492734 	
0.015700292506100211 	
0.018297415576273190 	
0.019799460368301911 	
0.013444678311757706 	
0.021867272877665159 	
0.030792568255791592 	
0.011594294829142685 	
0.009124733395058714 	
0.017570649083727741 	
0.012773406351236180 	
0.015287503581829027 	
0.008214252968989071 	
0.006300244447259737 	
0.001981404301293124 	
0.000239382892099976 	
0.000239382801167624 	
0.001246197016388015 	
0.008358911137673904 	
0.017425232723805167 	
0.021144728888282855 	
0.018541913303723227 	
0.007054858140786247 	
0.011110732203800497 	
0.017836500279621886 	
0.010932777170778110 	
0.022111598576162989 	
0.019714146275213066 	
0.016373751545123910 	
0.015890931119150846 	
0.023541925440990694 	
0.020352446000727061 	
0.026044319105364675 	
0.020928135472576343 	
0.014268035251500789 	
0.017708572384787777 	
0.015643369098552972 	
0.018033612103748112 	
0.018442113468256062 	
0.012770696327667638 	
0.010197472190010900 	
0.013152923916393350 	
0.016628138284592805 	
0.019492251904194104 	
0.013788105238514425 	
0.027606945756635835 	
0.015361249621494065 	
0.014255169228824076 	
0.012635478036757889 	
0.014137591760095554 	
0.010075425247299411 	
0.005342497358801052 	
0.003632849154915144 	
0.009706928131972247 	
0.012304178759564645 	
0.013055627341096426 	
0.015181529013293504 	
0.010841193655019947 	
0.012870786019201570 	
0.014657668953588067 	
0.010551283354787590 	
0.011104713381841224 	
0.011035987579940221 	
0.026530658799626475 	
0.014936089042423986 	
0.030350177817189187 	
0.026212833814165816 	
0.037595041844098578 	
0.024076804541749847 	
0.021308735268338361 	
0.073122599297895011 	
0.061588489336417016 	
0.033123863186428903 	
0.500000000000000000 	
0.005160826716094643 	
0.125436811786801605 	
0.056605365152227555 	
0.035791667111594407 	
0.028331819152427686 	
0.021283730712003738 	
0.011947925085720498 	
0.014881033885939218 	
0.017968968147774590 	
0.012664651016246566 	
0.013434555082943488 	
0.016386978954542972 	
0.023347798407154705 	
0.015146024306298946 	
0.013925328095266943 	
0.014507536560026081 	
0.009665095921994115 	
0.014701949854605366 	
0.002121261242134157 	
0.005570411807297043 	
0.037164873139988439 	
0.022719733284554230 	
0.039915663608471250 	
0.032777511151339742 	
0.038378255687886359 	
0.031961547072840213 	
0.017615496315244259 	
0.024308830051715229 	
0.011285799640411839 	
0.012249182530169140 	
0.005478529950141624 	
0.002219525421118087 	
0.003606407457293732 	
0.002147536794179899 	
0.000007472755630621 	
0.000007407244368442 	
0.000973128771286396 	
0.004553344121439899 	
0.002222676757438509 	
0.008120539233526588 	
0.010018785295207768 	
0.011724749009488005 	
0.010970359132258746 	
0.018790196786325590 	
0.036814996054575416 	
0.011878430557055102 	
0.014761735221843720 	
0.025302243613195538 	
0.014998148746847984 	
0.008282912680457451 	
0.032250463409173126 	
0.023643413747684725 	
0.007945920635540079 	
0.014338725645366887 	
0.020918933671562730 	
0.012752843046093544 	
0.019105184246829911 	
0.019252726380417067 	
0.010040120227539006 	
0.019511165820150649 	
0.012762918573276870 	
0.006145170557525731 	
0.004876458308180593 	
0.008187583625356718 	
0.021820129763007668 	
0.025393005084322177 	
0.019645582634067526 	
0.021491503690231596 	
0.013134575696390718 	
0.033611323723231917 	
0.020628933095010158 	
0.053047181632850895 	
0.052889837494837617 	
0.078004528382678046 	
0.035526005237902440 	
0.500000000000000000 	
0.000891599823388647 	
0.061800236614202822 	
0.092440924125760979 	
0.030582685485638146 	
0.023492310214676508 	
0.029486778239492441 	
0.037372504415565562 	
0.029234438508115128 	
0.041549303181008530 	
0.030602149090758299 	
0.020248765582543959 	
0.021569502054642694 	
0.009222343952645847 	
0.011168571931526294 	
0.017259080344280007 	
0.011772853651354004 	
0.004171673197246120 	
0.001453145908631412 	
0.000684069573184727 	
0.000049769999835627 	
0.003029233150787702 	
0.005924042562350870 	
0.005220125122145383 	
0.006542864562669343 	
0.003103627281399282 	
0.011193760851716165 	
0.008467498861486450 	
0.014625296736341872 	
0.015733873584853807 	
0.012703235675542341 	
0.018917156012334263 	
0.018202462906885892 	
0.026727877139826599 	
0.015991075792392253 	
0.025541689083824311 	
0.010897861479605954 	
0.016718335343137901 	
0.006591448120329376 	
0.013399690700401206 	
0.012160121682584121 	
0.010177069975690508 	
0.021549392625157166 	
0.019742804001610256 	
0.019899643103032109 	
0.006085989412495419 	
0.008553315515109428 	
0.013703627258161093 	
0.010863734478066354 	
0.006677474510895077 	
0.008345588826313722 	
0.003965640451026862 	
0.003887568051787044 	
0.022662501894342862 	
0.024136924463469180 	
0.009890519678160481 	
0.019234402898095571 	
0.012138072627367644 	
0.015001397950350602 	
0.022764984942982638 	
0.013916750669726233 	
0.011499431823498283 	
0.011303583715603013 	
0.015272829577282257 	
0.016482103794362071 	
0.018465048715463880 	
0.010894705318358200 	
0.019442431541435077 	
0.034304437179347128 	
0.029121155413766562 	
0.050332280788610302 	
0.090485740624307726 	
0.038746370414057013 	
0.500000000000000000 	
0.001397346362081397 	
0.111096366045839279 	
0.057962737831793308 	
0.077500635457506531 	
0.030580577915354509 	
0.033094439492959975 	
0.036441946262540700 	
0.013546856819884661 	
0.015647026135411145 	
0.008873498237088575 	
0.008269065986038045 	
0.016454741869697729 	
0.007432986289337685 	
0.003349629888096198 	
0.006189603796100114 	
0.002205255700505951 	
0.000231379983483686 	
0.000134809996733206 	
0.000483719306558852 	
0.001689429009255494 	
0.004700630526624586 	
0.008845153222475300 	
0.011696859059617695 	
0.007630903921595815 	
0.024033504995498566 	
0.019966966735746893 	
0.014890000180161076 	
0.036756218268830729 	
0.027326353939144832 	
0.030344622505322175 	
0.017535804905054016 	
0.012894689746652394 	
0.012142902252309783 	
0.017774536873049238 	
0.009919458317152229 	
0.014348039683628225 	
0.015023624045428712 	
0.005697080938833598 	
0.008930624828686185 	
0.010175774764414522 	
0.020257157786038361 	
0.009464597176557324 	
0.009759580257610050 	
0.013722513041708160 	
0.010008143085382530 	
0.011442471819160992 	
0.018157192173441805 	
0.013812244958437634 	
0.011266962381119587 	
0.019739285462021815 	
0.020226426089007873 	
0.009741145243208691 	
0.006771577974268960 	
0.022856109914038986 	
0.024444496818025557 	
0.014787350795822395 	
0.016255505719678154 	
0.010675386509683442 	
0.020701245582042421 	
0.021692278509088423 	
0.015528694315510851 	
0.018552219103664721 	
0.040582291585887255 	
0.026647158497252094 	
0.046414499254286645 	
0.064669816977708225 	
0.036615386046448158 	
0.000000000000000000 	
0.500000000000000000 	
0.001411996246456603 	
0.096390002334810446 	
0.062404519446574755 	
0.033732346759259860 	
0.029276625165727242 	
0.034739935724664779 	
0.021823356049155623 	
0.016850393408237685 	
0.020260046228481529 	
0.015662221946338890 	
0.002235595102156402 	
0.009159155310093817 	
0.009224073363978073 	
0.008913495578817071 	
0.021280326889897359 	
0.022447610077482145 	
0.009370952558201471 	
0.021937856354836086 	
0.006176247537991263 	
0.008601413498799318 	
0.009047188594971289 	
0.001720383210818738 	
0.000000000000000000 	
0.000370369932259820 	
0.002246428452601095 	
0.006547502140075207 	
0.007628557993117392 	
0.013510430449131713 	
0.006947942742379107 	
0.003457084908913624 	
0.005891048517068019 	
0.010361095433974088 	
0.003257023930590385 	
0.012448295808016143 	
0.025178116565648757 	
0.015847600482650534 	
0.012990272638213118 	
0.020972880191255632 	
0.009381778749668748 	
0.020899685335232013 	
0.019284577016786389 	
0.015692216756926648 	
0.017865773206768847 	
0.006918741091828045 	
0.007927748594401226 	
0.007107753024788442 	
0.014259331995871805 	
0.008788475112334965 	
0.016583285327234767 	
0.015048383842888126 	
0.015651932759232250 	
0.034574727100869986 	
0.017197840967670703 	
0.014337246055556523 	
0.009903776998593128 	
0.032437258478189158 	
0.035151284487333477 	
0.031391080494034086 	
0.033962298625781547 	
0.022301807746609822 	
0.029448962376130632 	
0.036733769314071248 	
0.074040538811370224 	
0.001772352896658634 	
0.500000000000000000 	
0.000779440758510603 	
0.070107940831362042 	
0.031965185929572447 	
0.041085768125629966 	
0.033005802982893642 	
0.027766723211225273 	
0.021505493933339521 	
0.025836637384888964 	
0.025400771943807181 	
0.020129516919674684 	
0.034489262910770306 	
0.025761418180174120 	
0.027572311063441785 	
0.014248969259465290 	
0.022682710561579267 	
0.028709365177128670 	
0.009714563917341738 	
0.014016891839812844 	
0.009732400588112899 	
0.006017149498163924 	
0.003549923841183827 	
0.000844075707185081 	
0.000000000000000000 	
0.000695012380595045 	
0.001044195653729295 	
0.014877187295313695 	
0.019073070660862338 	
0.006609368502034956 	
0.007825287491064925 	
0.031256598380014031 	
0.029764376655624803 	
0.018522418740404330 	
0.008944478722717392 	
0.014835819606492317 	
0.018630373498331718 	
0.015072142268570569 	
0.016680877240615719 	
0.006622182733914415 	
0.012556009671111848 	
0.024128524078311033 	
0.017113182920085030 	
0.013783576806723012 	
0.010510381506665193 	
0.018042482688384012 	
0.008794852795714179 	
0.017421965054792529 	
0.008059217661503198 	
0.006267405150351953 	
0.009824079042802775 	
0.027150862820311834 	
0.011427089824794508 	
0.019979625699434463 	
0.021009432239014449 	
0.025154066837807479 	
0.023932174224719684 	
0.036751778722855871 	
0.037384069133689891 	
0.071393187140923645 	
0.107927724106319511 	
0.000000000000000000 	
0.500000000000000000 	
0.001335044862235676 	
0.103816191832856716 	
0.069065563800271471 	
0.020385878782183092 	
0.036757439874135898 	
0.026070502372734578 	
0.034675265403312998 	
0.044146794601122342 	
0.027440909301472170 	
0.027364388518731735 	
0.013804811946664346 	
0.015908578485381762 	
0.007157631009910157 	
0.011849191031089185 	
0.004989764344905943 	
0.003744350002478361 	
0.000003159999999793 	
0.000005099999999914 	
0.001791151258008161 	
0.004509848774581335 	
0.006343645687695933 	
0.005954492650673584 	
0.009117349014340340 	
0.009621523159435116 	
0.010469358547412216 	
0.011203704338277770 	
0.016270253574997621 	
0.015440108184876776 	
0.009427203845996893 	
0.007319287121323137 	
0.012036244251497097 	
0.008110424798285542 	
0.005965024196266364 	
0.004735054989866318 	
0.009639625417689394 	
0.017455253651007151 	
0.017546042290009511 	
0.009729105497028283 	
0.015847376605799480 	
0.014245933236090844 	
0.013712571107503239 	
0.008854343681782079 	
0.008056232727715013 	
0.015556317597917532 	
0.023077656261580280 	
0.031555558136745640 	
0.033176353519658947 	
0.030506650727399890 	
0.016528765169232476 	
0.041148900178570320 	
0.034685918299376638 	
0.047555644462926712 	
0.061014210367852609 	
0.048623235050190484 	
0.500000000000000000 	
0.000000000000000000 	
0.077162472392129644 	
0.042583268751660561 	
0.061270978504945429 	
0.025920671667396377 	
0.032883864680684972 	
0.039722820434893481 	
0.033430440393731164 	
0.017873738871803907 	
0.010711232783092425 	
0.014991075602843804 	
0.013516146271039189 	
0.005281883512795648 	
0.003076807695265539 	
0.003623206071465393 	
0.000591996216200416 	
0.000494257321322235 	
0.000000000000000000 	
0.000000000000000000 	
0.000000000000000000 	
0.000000000000000000 	
0.000000000000000000 	
0.000000000000000000 	
0.000000000000000000 	
0.000000000000000000 	
0.000754094624108921 	
0.005924455276570511 	
0.017870926490624352 	
0.016738233092593591 	
0.020459769175928479 	
0.013132229117083978 	
0.017073759050550173 	
0.024309199177141031 	
0.027426824830113963 	
0.036975392297739808 	
0.017069174401296010 	
0.021710603325272883 	
0.022638857337520357 	
0.016924112221906852 	
0.007492269162087015 	
0.015018510873039280 	
0.025723149886046532 	
0.022860460801619565 	
0.025331539599658764 	
0.032079135977853709 	
0.035110352680124350 	
0.011654568607609262 	
0.013779389989938775 	
0.017271615059110942 	
0.043248376589585372 	
0.052405561039292108 	
0.099543240166777722 	
0.500000000000000000 	
0.006085219526562103 	
0.131733404799315057 	
0.075033696566726080 	
0.045397838222122650 	
0.045151842132158920 	
0.031855682394386263 	
0.030877307056097834 	
0.022027663615653826 	
0.004754736668478901 	
0.016842365534013456 	
0.008156588831397943 	
0.006331533463994263 	
0.003978871594533495 	
0.002353824473886401 	
0.000023098242619146 	
0.000160299889301392 	
0.002098628732117264 	
0.000737588408891514 	
0.006103216852516190 	
0.007466695735762647 	
0.007630013743072928 	
0.007956881271483307 	
0.016679838378888288 	
0.017447897669085916 	
0.010331324274800944 	
0.019163339436040806 	
0.023270301665825416 	
0.013727703276026682 	
0.025094858380763755 	
0.039895010292769803 	
0.023830178773599355 	
0.017546904328002166 	
0.018383535016684105 	
0.013991930469384876 	
0.014240886922342752 	
0.011258776948742368 	
0.010842173069801991 	
0.011281981396490936 	
0.006561881437780397 	
0.008996151282279910 	
0.022055707818275684 	
0.012129619689135139 	
0.024284865991432144 	
0.013394954884633931 	
0.032402558887454108 	
0.025966146756475399 	
0.031562731967623943 	
0.053909316488499635 	
0.083936997766260887 	
0.075602606936790759 	
0.500000000000000000 	
0.000000000000000000 	
0.052737199701569135 	
0.069379382508149651 	
0.025683887031171613 	
0.039543356945948974 	
0.028118162171658596 	
0.030301167915446056 	
0.035121479405831942 	
0.032384413396753825 	
0.012684445859528883 	
0.020751912146986712 	
0.015720211248377063 	
0.024619121305883333 	
0.021037632294260086 	
0.005006782441889786 	
0.007615511227861476 	
0.007661658338613409 	
0.004888526139232292 	
0.000139459996383542 	
0.000000000000000000 	
0.000003349999999852 	
0.001957559997974144 	
0.006008103425401895 	
0.006171258530445012 	
0.002117492790863471 	
0.009551217989351969 	
0.024065875741724405 	
0.016499061794916343 	
0.012347039350006649 	
0.021902049209356917 	
0.020907766642378988 	
0.016239207061903679 	
0.012823877009762156 	
0.010202233772391585 	
0.020840408789243460 	
0.007881347162849110 	
0.011722661374805836 	
0.008092533258681324 	
0.008476829006986920 	
0.011533472452614931 	
0.012232028873863520 	
0.012328002455571934 	
0.027552353438924173 	
0.020418544475270313 	
0.010374711133937510 	
0.041808618994781513 	
0.026718456085676984 	
0.048643633621524594 	
0.041829452073337263 	
0.084842584598178131 	
0.000000000000000000 	
0.500000000000000000 	
0.002984216492751978 	
0.132015930453502739 	
0.073167378765545812 	
0.027016812050244584 	
0.041598640427194578 	
0.024671849045868874 	
0.021764206613531012 	
0.015646979239317856 	
0.015351302668938305 	
0.019303732626766195 	
0.007320415660202985 	
0.005158796932278563 	
0.001338965338197192 	
0.000017771461068416 	
0.001557653740155478 	
0.007134439224240336 	
0.007480948194378103 	
0.008230667693513105 	
0.010958842780077209 	
0.018417125886416998 	
0.010124845761728826 	
0.010673319110655917 	
0.010197125142772170 	
0.021773990059232667 	
0.039683879851685755 	
0.018750795052602073 	
0.017141494680675644 	
0.012935982569967369 	
0.016576093243955162 	
0.022618775802610045 	
0.013754964453674943 	
0.007264668740727660 	
0.007674029870948841 	
0.022491550328832779 	
0.022282978440569916 	
0.018657707426397160 	
0.023130892980531094 	
0.010969069753185866 	
0.013139614016434070 	
0.012232218760149254 	
0.015308354045282873 	
0.008977045231789622 	
0.028566457060835018 	
0.026608318885743169 	
0.018597431359145107 	
0.019748111300861747 	
0.069106812727307454 	
0.090907306869336513 	
0.096175974478278553 	
0.000000000000000000 	
0.500000000000000000 	
0.000000000000000000 	
0.000000000000000000 	
0.000000000000000000 	
0.000000000000000000 	
0.000000000000000000 	
0.000000000000000000 	
0.000000000000000000 	
0.004818603171951956 	
0.077316768331517599 	
0.052406262534881315 	
0.051051326124142975 	
0.067728890592182636 	
0.024157875483324667 	
0.039648928893706484 	
0.030681722367004574 	
0.022363000315146531 	
0.031955823085111947 	
0.024251100583543950 	
0.009339639444284805 	
0.012581563513485536 	
0.004844648382271369 	
0.005100493069649136 	
0.008963419618745973 	
0.006496974687892582 	
0.005034169502065082 	
0.005853472566866028 	
0.009482592860390288 	
0.019123344973370409 	
0.016129323901630670 	
0.010355129129511241 	
0.010487201731105882 	
0.011796820329751545 	
0.008170835592516721 	
0.008401326169461314 	
0.018874546954201505 	
0.018069377569866714 	
0.030747362605410847 	
0.026518504229416005 	
0.023377393217085197 	
0.060485503990478362 	
0.060058265807556709 	
0.098788313537742048 	
0.000000000000000000 	
0.500000000000000000 	
0.000000000000000000 	
0.000000000000000000 	
0.000000000000000000 	
0.000000000000000000 	
0.000000000000000000 	
0.000000000000000000 	
0.000000000000000000 	
0.000000000000000000 	
0.045317266764971650 	
0.055763597331835127 	
0.031479653764507710 	
0.046573120253936520 	
0.053918461652943915 	
0.038863808755890704 	
0.019738336942580245 	
0.018701521606410237 	
0.015309253201588532 	
0.011675916981109717 	
0.014714559829803095 	
0.021864916572314354 	
0.023102026544355291 	
0.016093361900471958 	
0.007193273667831655 	
0.012655816189795993 	
0.007469914167755354 	
0.013585515281932850 	
0.019422072806968473 	
0.008661613304850921 	
0.021996263467960405 	
0.029560955059397497 	
0.019850260807754847 	
0.016233902466846681 	
0.025351631593182381 	
0.037657981771633348 	
0.033094258850725922 	
0.051531884549940100 	
0.061819564502189187 	
0.066769893162818214 	
0.008737885867981979 	
0.000000000000000000 	
0.500000000000000000 	
0.000000000000000000 	
0.000000000000000000 	
0.000000000000000000 	
0.000000000000000000 	
0.000000000000000000 	
0.000000000000000000 	
0.000000000000000000 	
0.000000000000000000 	
0.023638587970764038 	
0.054360045795682509 	
0.053855029996071474 	
0.056539456134497214 	
0.041499715681831882 	
0.042708688644913666 	
0.028553310346222563 	
0.009661317333862813 	
0.022694825258801350 	
0.018463269989899670 	
0.009950167342894421 	
0.013723834844337698 	
0.013952614417688367 	
0.031944977002830909 	
0.018472288823803713 	
0.010789254924230350 	
0.018734325569007133 	
0.021212020609304837 	
0.008042546113391755 	
0.006799967553029309 	
0.017905091172000648 	
0.017160465886240737 	
0.003448859179148929 	
0.030783825158036907 	
0.023020632914684806 	
0.036358958439377753 	
0.066387895837883334 	
0.081262237287731437 	
0.041082126398127722 	
0.000000000000000000 	
0.500000000000000000 	
0.003044132386910929 	
0.054054927416418104 	
0.114497604992303048 	
0.052188719002171119 	
0.058796379319284109 	
0.026988317386186907 	
0.033230073868911345 	
0.019170952720716498 	
0.014867274223693909 	
0.021115304512072421 	
0.010762449940200591 	
0.001430489856549109 	
0.000258348080635193 	
0.000053419660729552 	
0.000063369925198323 	
0.000063369925198378 	
0.000061646064627054 	
0.002847659209890765 	
0.007346171337931175 	
0.015619056562266975 	
0.010578201331743645 	
0.016777548879184284 	
0.018441262948953017 	
0.027137048915064764 	
0.010931174376991138 	
0.006635050485543970 	
0.012991615146290159 	
0.020907112331538306 	
0.044056886121703262 	
0.057767771380646663 	
0.080172575443833174 	
0.087313310596041319 	
0.044597076791411956 	
0.000000000000000000 	
0.500000000000000000 	
0.007435873938828164 	
0.094513304232541173 	
0.063587838452712264 	
0.071732311197433660 	
0.056096357542507275 	
0.036995053938724834 	
0.009287957936834254 	
0.002820619463834324 	
0.000732676802772960 	
0.000751059435111941 	
0.015756056807877891 	
0.014455914866230091 	
0.015855482111419045 	
0.012591875883416247 	
0.005223291070716615 	
0.008578184942811292 	
0.010733693945398172 	
0.018322212279308289 	
0.013840013708879377 	
0.033072438256358257 	
0.006026190685232429 	
0.016720053466711543 	
0.016290030333776101 	
0.034259118803260054 	
0.044152872665494815 	
0.048652027334270334 	
0.036577198623135243 	
0.116361473784066027 	
0.046943843720288758 	
0.000000000000000222 	
0.000000000000000000 	
0.500000000000000000 	
0.003370188959686854 	
0.129458186483334903 	
0.064024270402868969 	
0.055964703253841765 	
0.024550024460520056 	
0.004686516438396164 	
0.001557231601409419 	
0.004804722100188488 	
0.008615412641895494 	
0.004647420720182493 	
0.012008001701112686 	
0.006720962860679883 	
0.009134224845615853 	
0.009480283691044941 	
0.013402338796777023 	
0.014780616666021566 	
0.013054203080897123 	
0.016557438074777553 	
0.016448013975530810 	
0.024002357033911050 	
0.034718967377709457 	
0.017296056140255867 	
0.032160018014584381 	
0.024565037265023165 	
0.023117883633960914 	
0.045282608503298565 	
0.062044389852317028 	
0.056170277285427096 	
0.000000000000000000 	
0.000000000000000111 	
0.500000000000000000 	
0.004015463669820082 	
0.117617991870240662 	
0.055896936450192974 	
0.034828426522976651 	
0.026118129469657022 	
0.033848025583070637 	
0.013724629456211090 	
0.003633476339113533 	
0.000356281349243521 	
0.000000036485900357 	
0.000000036485913457 	
0.000196141148888749 	
0.006514293465842405 	
0.011312411566723192 	
0.007124157838820813 	
0.008900859590137925 	
0.015903466307823133 	
0.015804021100185570 	
0.031477397525944681 	
0.047317866130875887 	
0.100202254092732396 	
0.500000000000000000 	
0.008499131275759861 	
0.094824128849687730 	
0.068855289210629306 	
0.046565887418842947 	
0.037092266780615703 	
0.031452863570691082 	
0.010608518283167688 	
0.009682188906632536 	
0.003369009396597548 	
0.000938259210267391 	
0.000328085869567686 	
0.002117086327478435 	
0.002653209665478138 	
0.004629477540817351 	
0.016764733314021493 	
0.020279458933553374 	
0.021766454372298450 	
0.028121346671276578 	
0.040221806032435567 	
0.052387181197513066 	
0.058715258745367996 	
0.000616912591218001 	
0.000000000000000000 	
0.000000000000000000 	
0.500000000000000000 	
0.000000000000000000 	
0.000000000000000000 	
0.000000000000000000 	
0.000000000000000000 	
0.000000000000000000 	
0.002571117337317335 	
0.017319937489686934 	
0.019129028876005871 	
0.026371435658497980 	
0.028381618460341998 	
0.029218462563066514 	
0.054408735522388646 	
0.038067291101853508 	
0.043034212613779786 	
0.071388174433888965 	
0.088785154216171294 	
0.004907198328156896 	
0.500000000000000000 	
0.000000000000000000 	
0.000000000000000000 	
0.000000000000000000 	
0.000000000000000000 	
0.000000000000000000 	
0.000000000000000000 	
0.027818085526620438 	
0.049426299329408396 	
0.056614674850088517 	
0.051643061996087147 	
0.009559315737458794 	
0.042228800511427578 	
0.034890949969646763 	
0.022793061571568074 	
0.018205638030794263 	
0.076021695379247037 	
0.059042746522123532 	
0.000000000000000000 	
